cam0:
  T_cam_imu:
    [1.0, 0.0, 0.0, -0.0353,
     0.0, 1.0, 0.0, 0.0089,
      0.0, 0.0, 1.0, 0.0130,
      0.0, 0.0, 0.0, 1.0]
  cam_overlaps: [1]
  camera_model: pinhole
  distortion_coeffs: [-0.0, -0.0, 0.0, -0.0]
  distortion_model: radtan
  intrinsics: [387.194244384766, 387.194244384766, 321.421020507812, 241.803619384766]
  resolution: [640, 480]
  rostopic: /camera/infra1/image_rect_raw
  timeshift_cam_imu: 0.0
cam1:
  T_cam_imu:
    [1.0, 0.0, 0.0, 0.0610,
     0.0, 1.0, 0.0, 0.0097,
      0.0, 0.0, 1.0, 0.0110,
      0.0, 0.0, 0.0, 1.0]
  T_cn_cnm1:
    [1.0, 0.0, 0.0, -0.0962,
     0.0, 1.0, 0.0, -0.0013,
      0.0, 0.0, 1.0, 0.0019,
      0.0, 0.0, 0.0, 1.0]
  cam_overlaps: [0]
  camera_model: pinhole
  distortion_coeffs: [-0.0, -0.0, 0.0, -0.0]
  distortion_model: radtan
  intrinsics: [387.194244384766, 387.194244384766, 321.421020507812, 241.803619384766]
  resolution: [640, 480]
  rostopic: /camera/infra2/image_rect_raw
  timeshift_cam_imu: 0.0
