# calibration (2022. 04. 22, equidistant)
cam0:
  T_cam_imu:
    [-0.00061492032042428265, -0.99999634734287548421, -0.0026971320293986796921, 0.028479895179909030545,
     0.00730015573747856, -0.002701547308466155324, 0.99996940841221266828, -0.0028797976298075247,
      -0.99997332884816695373, 0.00059521209703532865819, 0.0073017923453353403224, -0.047039805915368960323,
      0.0, 0.0, 0.0, 1.0]
  cam_overlaps: [1]
  camera_model: pinhole
  distortion_coeffs: [0.0, 0.0, 0.0,0.0]
  distortion_model: radtan
  intrinsics: [608.327, 608.308, 639.605, 366.594]
  resolution: [1280, 720]
  rostopic: /camera/color/image_raw
  timeshift_cam_imu: -2.9814411359951713e-05
cam1:
  T_cam_imu:
    [-0.00061492032042428265, -0.99999634734287548421, -0.0026971320293986796921, 0.028479895179909030545,
     0.00730015573747856, -0.002701547308466155324, 0.99996940841221266828, -0.0028797976298075247,
      -0.99997332884816695373, 0.00059521209703532865819, 0.0073017923453353403224, -0.047039805915368960323,
      0.0, 0.0, 0.0, 1.0]
  T_cn_cnm1:
    [0.9998849766357757, 0.0051083296849291394, -0.014280702570281186, -0.11810024154110094,
    -0.005110651047591791, 0.9999869325915898, -0.00012606319662557727, 0.00035496175249972154,
     0.01427987198613884, 0.0001990323839637512, 0.9998980176208803, -0.0002538475897067944,
     0.0, 0.0, 0.0, 1.0]
  cam_overlaps: [0]
  camera_model: pinhole
  distortion_coeffs: [-0.018569763768572757, -0.012655484908141184, 0.017158815479833153,
    -0.008343262720920537]
  distortion_model: equidistant
  intrinsics: [358.5168982011843, 359.04411735657277, 381.04335189266874, 241.24230436920746]
  resolution: [752, 480]
  rostopic: /mynteye/right/image_raw
  timeshift_cam_imu: -4.332629065587262e-05

